0000000000000000000000000000000
0001111000000000000000000111100
0001111000000000000000000111100
0000000000011111110000000000000
0000000000011111110000000000000
0000000000011111110000000000000
0000000000011111110000000000000
0000000000011111110000000000000
0000000000000000000000000000000
0001111111111111111111111110000
0001111111111111111111111110000
0000000000000000000000000000000
0000000000000000000000000000000
0001111111111111111111111110000
0001111111111111111111111110000
0000000000000000000000000000000
0000000000011111110000000000000
0000000000011111110000000000000
0000000000011111110000000000000
0000000000011111110000000000000
0000000000011111110000000000000
0000000000000000000000000000000
0001111000000000000000000111100
0001111000000000000000000111100
0000000000000000000000000000000