00011101000101001001110100010100
11100010001001000100010000100000
00011101000101001001110100010100
01001000011001010110110001101100
11011110010000001010111011011110
10010011011000110010000000000000 
00111010001010010011101000101001
00111010001010000011101000101001
00111010001010010011101000101001
00111010001010010011101000101001
11111111111111100000000000000000
00000000000000001111111111111111
00111010001010010011101000101001
11000100010010001000100001000000
00111010001010010011101000101001
10010000110010101101100011011000
10111100100000010101110110111101
10010011011000110010000000000000 
00111010001010010011101000101001
00111010001010000011101000101001
00111010001010010011101000101001
00111010001010010011101000101001
11111111111111100000000000000000
00000000000000001111111111111111
00111010001010010011101000101001
11000100010010001000100001000000
00111010001010010011101000101001
10010000110010101101100011011000
10111100100000010101110110111101
10010011011000110010000000000000 
00111010001010010011101000101001
00111010001010000011101000101001
00111010001010010011101000101001
00111010001010010011101000101001
11111111111111100000000000000000
00000000000000001111111111111111