00000000000000000000000000000000
00011111111111111111111111110000
00011111111111111111111111110000
00000000000001111100000000000000
00000000000001111100000000000000
00000000000001111100000000000000
00000000000001111100000000000000
00000000000001111100000000000000
00000000000001111100000000000000
00000000000001111100000000000000
00001111000001111100000000000000
00001111000001111100000000000000
00000000111111100000000000000000
00000000111111100000000000000000
00000000000000000000000000000000
00000000000000000000000000000000
00001111000000000000001111000000
00001111000000000000001111000000
00001111000000000000001111000000
00000011110000000000111100000000
00000011110000000000111100000000
00000000111100000011110000000000
00000000000011111100000000000000
00000000000011111100000000000000
00000000000011111100000000000000
00000000000011111100000000000000
00000000000011111100000000000000
00000000000011111100000000000000
00000000000000000000000000000000